>KINK
helix_id, classification,kinked, curved,straight, total
3DHW_A_53_76,KINK,0.935,0.065,0.000,31
3O0R_B_235_259,KINK,0.886,0.114,0.000,35
2WJN_M_143_165,KINK,0.865,0.081,0.054,37
3GIA_A_145_172,KINK,0.864,0.091,0.045,22
3DH4_A_281_313,KINK,0.844,0.125,0.031,32
2V50_A_428_453,KINK,0.828,0.138,0.034,29
1L0V_D_12_39,KINK,0.806,0.194,0.000,36
3B9Y_A_58_89,KINK,0.800,0.133,0.067,45
1JB0_A_438_467,KINK,0.800,0.200,0.000,35
1OKC_A_210_240,KINK,0.781,0.156,0.062,32
2GFP_A_9_36,KINK,0.775,0.150,0.075,40
1V54_L_19_45,KINK,0.763,0.184,0.053,38
3K07_A_433_461,KINK,0.757,0.243,0.000,37
2GFP_A_322_345,KINK,0.750,0.139,0.111,36
1JB0_I_12_35,KINK,0.750,0.031,0.219,32
2V50_A_959_985,KINK,0.722,0.278,0.000,36
3K07_A_392_421,KINK,0.718,0.231,0.051,39
1V54_C_74_106,KINK,0.714,0.286,0.000,21
3PBL_A_64_92,KINK,0.711,0.263,0.026,38
2KDC_A_95_118,KINK,0.692,0.282,0.026,39
3K07_A_970_996,KINK,0.690,0.276,0.034,29
2BS2_C_122_150,KINK,0.689,0.289,0.022,45
1PW4_A_381_410,KINK,0.682,0.227,0.091,44
1U19_A_289_308,KINK,0.677,0.258,0.065,31
1BGY_C_77_103,KINK,0.667,0.233,0.100,30
2WSW_A_315_338,KINK,0.667,0.303,0.030,33
2VT4_A_324_344,KINK,0.667,0.333,0.000,30
1OKC_A_80_97,KINK,0.654,0.346,0.000,26
2HYD_A_122_158,KINK,0.645,0.323,0.032,31
2BL2_A_52_79,KINK,0.643,0.321,0.036,28
2GSM_A_93_123,KINK,0.639,0.306,0.056,36
2ZJS_Y_184_208,KINK,0.633,0.300,0.067,30
2ZW3_A_74_108,KINK,0.630,0.296,0.074,27
2R6G_G_160_182,KINK,0.628,0.372,0.000,43
3E86_A_89_110,KINK,0.625,0.175,0.200,40
2GFP_A_206_230,KINK,0.625,0.344,0.031,32
2JLN_A_162_189,KINK,0.625,0.300,0.075,40
1XQF_A_199_218,KINK,0.615,0.308,0.077,39
3GIA_A_270_305,KINK,0.614,0.341,0.045,44
1U19_A_152_171,KINK,0.606,0.182,0.212,33
2GSM_B_100_126,KINK,0.600,0.325,0.075,40
3K07_A_863_889,KINK,0.590,0.410,0.000,39
3ODU_A_275_302,KINK,0.583,0.361,0.056,36
3ODU_A_194_225,KINK,0.579,0.316,0.105,38
2J8C_M_146_167,KINK,0.568,0.432,0.000,37
2H8A_A_65_92,KINK,0.567,0.267,0.167,30
3O0R_B_270_296,KINK,0.562,0.094,0.344,32
2R6G_F_366_391,KINK,0.556,0.389,0.056,36
1XIO_A_72_91,KINK,0.556,0.200,0.244,45
1H68_A_72_90,KINK,0.553,0.184,0.263,38
1AR1_A_86_115,KINK,0.550,0.275,0.175,40
2B2F_A_115_136,KINK,0.550,0.300,0.150,40
1EHK_A_18_45,KINK,0.548,0.419,0.032,31
2HYD_A_13_41,KINK,0.545,0.364,0.091,33
1V54_B_16_46,KINK,0.543,0.257,0.200,35
1XIO_A_197_222,KINK,0.536,0.286,0.179,28
1YEW_B_58_83,KINK,0.533,0.467,0.000,30
1BGY_C_346_376,KINK,0.531,0.438,0.031,32
3DHW_A_91_114,KINK,0.528,0.389,0.083,36
2A65_A_44_70,KINK,0.525,0.450,0.025,40
1ZCD_A_292_312,KINK,0.524,0.452,0.024,42
3K07_A_925_954,KINK,0.517,0.345,0.138,29
2F2B_A_5_33,KINK,0.514,0.371,0.114,35
3HFX_A_470_499,KINK,0.514,0.429,0.057,35
>CURVED
2ZY9_A_353_380,CURVED,0.045,0.909,0.045,22
1EZV_D_264_292,CURVED,0.111,0.889,0.000,27
1PW4_A_415_444,CURVED,0.088,0.853,0.059,34
3HFX_A_346_374,CURVED,0.088,0.853,0.059,34
2ONK_C_4_30,CURVED,0.158,0.816,0.026,38
2A65_A_338_371,CURVED,0.133,0.800,0.067,30
2WSW_A_345_375,CURVED,0.159,0.795,0.045,44
2W2E_A_42_70,CURVED,0.061,0.788,0.152,33
3HD6_A_244_270,CURVED,0.146,0.780,0.073,41
2RH1_A_104_135,CURVED,0.118,0.765,0.118,34
3ODU_A_107_138,CURVED,0.220,0.756,0.024,41
1AR1_A_220_249,CURVED,0.229,0.743,0.029,35
3B45_A_149_168,CURVED,0.143,0.743,0.114,35
2E74_A_80_106,CURVED,0.211,0.737,0.053,38
1XL4_A_110_135,CURVED,0.102,0.735,0.163,49
1PV7_A_347_374,CURVED,0.233,0.733,0.033,30
1BCC_E_29_62,CURVED,0.121,0.727,0.152,33
3M71_A_165_189,CURVED,0.265,0.706,0.029,34
1OTS_A_253_283,CURVED,0.273,0.697,0.030,33
1L7V_A_115_138,CURVED,0.214,0.690,0.095,42
3K3F_A_262_285,CURVED,0.265,0.676,0.059,34
3BEH_A_72_90,CURVED,0.297,0.676,0.027,37
3K07_A_1011_1038,CURVED,0.304,0.674,0.022,46
2GSM_A_27_55,CURVED,0.229,0.657,0.114,35
3B60_A_172_212,CURVED,0.257,0.657,0.086,35
2WJN_M_54_76,CURVED,0.156,0.656,0.188,32
1Q90_M_65_93,CURVED,0.125,0.650,0.225,40
3BZ1_C_270_291,CURVED,0.111,0.644,0.244,45
2J8C_M_263_286,CURVED,0.257,0.629,0.114,35
1AR1_A_372_392,CURVED,0.216,0.622,0.162,37
1Q90_B_80_106,CURVED,0.345,0.621,0.034,29
2ZT9_H_4_25,CURVED,0.265,0.618,0.118,34
2QTS_A_428_451,CURVED,0.353,0.618,0.029,34
2J8C_H_13_36,CURVED,0.154,0.615,0.231,39
1Q90_N_72_95,CURVED,0.174,0.609,0.217,23
3K3F_A_99_121,CURVED,0.091,0.606,0.303,33
3B4R_A_91_112,CURVED,0.368,0.605,0.026,38
1XQF_A_226_251,CURVED,0.233,0.605,0.163,43
2BL2_A_129_155,CURVED,0.400,0.600,0.000,35
3DDL_A_92_111,CURVED,0.406,0.594,0.000,32
1KQF_C_13_36,CURVED,0.282,0.590,0.128,39
3PBL_A_363_385,CURVED,0.290,0.581,0.129,31
1XFH_A_80_106,CURVED,0.108,0.568,0.324,37
1RWT_A_56_87,CURVED,0.297,0.568,0.135,37
1LNQ_A_73_96,CURVED,0.400,0.567,0.033,30
1E12_A_60_80,CURVED,0.282,0.564,0.154,39
1JB0_M_6_28,CURVED,0.317,0.561,0.122,41
1BCC_C_78_104,CURVED,0.441,0.559,0.000,34
3BZ1_Z_2_28,CURVED,0.425,0.550,0.025,40
2BS2_C_203_236,CURVED,0.162,0.541,0.297,37
2KDC_A_33_47,CURVED,0.268,0.537,0.195,41
1BCC_C_347_376,CURVED,0.452,0.524,0.024,42
1JB0_L_44_65,CURVED,0.238,0.524,0.238,21
3BZ1_B_449_475,CURVED,0.379,0.517,0.103,29
2WIT_A_395_425,CURVED,0.414,0.517,0.069,29
3KP9_A_101_123,CURVED,0.200,0.514,0.286,35
2E74_F_4_28,CURVED,0.314,0.514,0.171,35
1ZOY_D_39_62,CURVED,0.405,0.514,0.081,37
1FFT_A_380_400,CURVED,0.349,0.512,0.140,43
>STRAIGHT
3GIA_A_323_337,STRAIGHT,0.000,0.000,1.000,29
1BGY_K_17_34,STRAIGHT,0.000,0.020,0.980,49
2B2F_A_215_240,STRAIGHT,0.000,0.022,0.978,46
1RHZ_A_76_89,STRAIGHT,0.028,0.000,0.972,36
2ZXE_A_992_1012,STRAIGHT,0.000,0.029,0.971,35
2J8C_L_34_55,STRAIGHT,0.030,0.000,0.970,33
1KPL_A_216_232,STRAIGHT,0.000,0.030,0.970,33
3KCU_A_115_134,STRAIGHT,0.000,0.033,0.967,30
3B45_A_96_112,STRAIGHT,0.000,0.033,0.967,30
1RC2_A_162_177,STRAIGHT,0.033,0.000,0.967,30
3A7K_A_147_168,STRAIGHT,0.036,0.000,0.964,28
2Z73_A_150_168,STRAIGHT,0.000,0.036,0.964,28
3GD8_A_232_249,STRAIGHT,0.000,0.045,0.955,44
1RHZ_C_31_49,STRAIGHT,0.028,0.028,0.944,36
3EHZ_A_200_212,STRAIGHT,0.029,0.029,0.943,35
3HQK_A_123_142,STRAIGHT,0.029,0.029,0.943,35
1PV7_A_382_398,STRAIGHT,0.029,0.029,0.943,35
1KQF_C_112_131,STRAIGHT,0.000,0.059,0.941,34
3D31_C_194_210,STRAIGHT,0.070,0.000,0.930,43
2F2B_A_224_243,STRAIGHT,0.024,0.048,0.929,42
3BZ1_B_239_257,STRAIGHT,0.053,0.026,0.921,38
3M71_A_15_30,STRAIGHT,0.081,0.000,0.919,37
2B2F_A_86_104,STRAIGHT,0.059,0.029,0.912,34
3C02_A_224_240,STRAIGHT,0.059,0.029,0.912,34
1Z98_A_200_212,STRAIGHT,0.022,0.067,0.911,45
1WPG_A_896_911,STRAIGHT,0.044,0.044,0.911,45
3MP7_A_242_259,STRAIGHT,0.047,0.047,0.907,43
3HD6_A_345_360,STRAIGHT,0.062,0.031,0.906,32
3KCU_A_32_56,STRAIGHT,0.062,0.031,0.906,32
1RHZ_A_170_187,STRAIGHT,0.094,0.000,0.906,32
3KCU_A_162_183,STRAIGHT,0.051,0.051,0.897,39
2R9R_B_162_182,STRAIGHT,0.034,0.069,0.897,29
2VPZ_C_21_40,STRAIGHT,0.103,0.000,0.897,29
3DIN_C_304_322,STRAIGHT,0.053,0.053,0.895,38
3KP9_A_74_88,STRAIGHT,0.043,0.064,0.894,47
2W2E_A_201_215,STRAIGHT,0.071,0.036,0.893,28
2NQ2_A_99_112,STRAIGHT,0.027,0.081,0.892,37
1WPG_A_832_852,STRAIGHT,0.083,0.028,0.889,36
1V54_C_157_182,STRAIGHT,0.037,0.074,0.889,27
3BZ1_H_30_49,STRAIGHT,0.000,0.111,0.889,27
2WSW_A_230_248,STRAIGHT,0.000,0.111,0.889,36
3BZ1_B_203_217,STRAIGHT,0.023,0.091,0.886,44
1RC2_A_205_226,STRAIGHT,0.029,0.086,0.886,35
1JB0_B_651_671,STRAIGHT,0.088,0.029,0.882,34
2WIT_A_490_509,STRAIGHT,0.040,0.080,0.880,25
2A65_A_196_214,STRAIGHT,0.061,0.061,0.879,33
1NEK_C_69_95,STRAIGHT,0.091,0.030,0.879,33
2ONK_C_232_251,STRAIGHT,0.024,0.098,0.878,41
3HD6_A_8_28,STRAIGHT,0.024,0.098,0.878,41
1Q90_D_128_147,STRAIGHT,0.050,0.075,0.875,40
1VGO_A_111_131,STRAIGHT,0.053,0.079,0.868,38
2GSM_A_137_155,STRAIGHT,0.067,0.067,0.867,30
1J4N_A_143_159,STRAIGHT,0.054,0.081,0.865,37
1VGO_A_15_35,STRAIGHT,0.000,0.138,0.862,29
1PV7_A_288_307,STRAIGHT,0.028,0.111,0.861,36
3HFX_A_54_70,STRAIGHT,0.083,0.056,0.861,36
1Q16_C_183_197,STRAIGHT,0.095,0.048,0.857,42
2ZXE_A_954_969,STRAIGHT,0.071,0.071,0.857,28
1UAZ_A_90_107,STRAIGHT,0.098,0.049,0.854,41
1UAZ_A_17_36,STRAIGHT,0.025,0.125,0.850,40
3BZ1_B_136_156,STRAIGHT,0.075,0.075,0.849,53
2B2F_A_247_261,STRAIGHT,0.000,0.152,0.848,33
1Q90_L_5_26,STRAIGHT,0.043,0.109,0.848,46
3MP7_A_410_426,STRAIGHT,0.115,0.038,0.846,26
1JB0_X_11_30,STRAIGHT,0.026,0.132,0.842,38
1YMG_A_39_58,STRAIGHT,0.028,0.139,0.833,36
3DHW_A_188_205,STRAIGHT,0.000,0.167,0.833,36
1Q16_C_125_145,STRAIGHT,0.059,0.118,0.824,34
1L0V_D_99_115,STRAIGHT,0.036,0.143,0.821,28
2E74_E_3_28,STRAIGHT,0.077,0.103,0.821,39
2J8C_M_114_138,STRAIGHT,0.079,0.105,0.816,38
3HQK_A_385_404,STRAIGHT,0.053,0.132,0.816,38
1Q90_A_253_278,STRAIGHT,0.097,0.097,0.806,31
3KLY_A_161_181,STRAIGHT,0.056,0.139,0.806,36
3O0R_B_381_414,STRAIGHT,0.075,0.125,0.800,40
2R6G_F_278_307,STRAIGHT,0.050,0.150,0.800,40
2R6G_F_40_57,STRAIGHT,0.103,0.103,0.795,39
1XQF_A_349_379,STRAIGHT,0.069,0.138,0.793,29
1YMG_A_84_106,STRAIGHT,0.043,0.174,0.783,46
1KPL_A_422_438,STRAIGHT,0.094,0.125,0.781,32
1JB0_A_672_688,STRAIGHT,0.167,0.056,0.778,36
3B45_A_228_241,STRAIGHT,0.083,0.139,0.778,36
3PBL_A_147_165,STRAIGHT,0.065,0.161,0.774,31
3ORG_A_238_255,STRAIGHT,0.100,0.133,0.767,30
3M71_A_226_244,STRAIGHT,0.118,0.118,0.765,34
1OKC_A_177_199,STRAIGHT,0.105,0.132,0.763,38
1EYS_H_13_33,STRAIGHT,0.103,0.154,0.744,39
3EHZ_A_254_280,STRAIGHT,0.086,0.171,0.743,35
3K07_A_895_917,STRAIGHT,0.171,0.086,0.743,35
3JYC_A_159_183,STRAIGHT,0.038,0.231,0.731,26
1JB0_B_39_68,STRAIGHT,0.108,0.162,0.730,37
1RC2_A_81_104,STRAIGHT,0.111,0.167,0.722,36
2GFP_A_160_175,STRAIGHT,0.100,0.180,0.720,50
2VPZ_C_227_245,STRAIGHT,0.125,0.156,0.719,32
1UAZ_A_112_132,STRAIGHT,0.143,0.143,0.714,28
2ZXE_A_909_932,STRAIGHT,0.097,0.194,0.710,31
3C02_A_10_35,STRAIGHT,0.097,0.194,0.710,31
1RHZ_A_402_423,STRAIGHT,0.062,0.229,0.708,48
3DIN_C_393_412,STRAIGHT,0.088,0.206,0.706,34
1WPG_A_965_988,STRAIGHT,0.265,0.029,0.706,34
1JB0_L_75_99,STRAIGHT,0.108,0.189,0.703,37
1C3W_A_38_61,STRAIGHT,0.212,0.091,0.697,33
3MP7_A_434_458,STRAIGHT,0.125,0.188,0.688,32
3MP7_A_148_170,STRAIGHT,0.200,0.120,0.680,25
2VL0_A_261_284,STRAIGHT,0.147,0.176,0.676,34
2VPZ_C_148_166,STRAIGHT,0.147,0.176,0.676,34
1H68_A_97_115,STRAIGHT,0.135,0.189,0.676,37
1ZOY_C_120_139,STRAIGHT,0.056,0.278,0.667,36
3BZ1_C_155_179,STRAIGHT,0.200,0.143,0.657,35
2V50_A_899_917,STRAIGHT,0.276,0.069,0.655,29
1XQF_A_41_61,STRAIGHT,0.034,0.310,0.655,29
2NQ2_A_236_256,STRAIGHT,0.152,0.212,0.636,33
1EYS_L_95_118,STRAIGHT,0.098,0.268,0.634,41
3B8C_A_242_262,STRAIGHT,0.200,0.178,0.622,45
1ZCD_A_150_174,STRAIGHT,0.111,0.278,0.611,36
2ZJS_Y_217_236,STRAIGHT,0.171,0.220,0.610,41
1JB0_A_534_558,STRAIGHT,0.280,0.120,0.600,25
1JB0_B_521_546,STRAIGHT,0.103,0.310,0.586,29
2FBW_C_36_61,STRAIGHT,0.111,0.306,0.583,36
2VV5_A_64_86,STRAIGHT,0.152,0.273,0.576,33
1JB0_F_67_88,STRAIGHT,0.071,0.357,0.571,28
2FYN_A_362_380,STRAIGHT,0.162,0.270,0.568,37
1RC2_A_37_53,STRAIGHT,0.094,0.344,0.562,32
1WPG_A_752_780,STRAIGHT,0.094,0.344,0.562,32
1VGO_A_87_104,STRAIGHT,0.324,0.118,0.559,34
1VGO_A_43_64,STRAIGHT,0.316,0.132,0.553,38
2GFP_A_237_255,STRAIGHT,0.275,0.175,0.550,40
2Z73_A_33_60,STRAIGHT,0.108,0.351,0.541,37
1EYS_L_180_206,STRAIGHT,0.103,0.379,0.517,29
>UNCLASSIFIED
1V54_G_14_38,UNCLASSIFIED,0.500,0.235,0.265,34
2FYN_A_91_117,UNCLASSIFIED,0.500,0.412,0.088,34
1ZOY_C_86_111,UNCLASSIFIED,0.500,0.324,0.176,34
2VT4_A_157_177,UNCLASSIFIED,0.488,0.140,0.372,43
3HQK_A_348_373,UNCLASSIFIED,0.487,0.385,0.128,39
2WJN_M_199_224,UNCLASSIFIED,0.485,0.333,0.182,33
3BZ1_C_109_133,UNCLASSIFIED,0.452,0.405,0.143,42
1PW4_A_350_372,UNCLASSIFIED,0.433,0.267,0.300,30
2BHW_A_56_87,UNCLASSIFIED,0.424,0.485,0.091,33
1XQF_A_126_147,UNCLASSIFIED,0.408,0.490,0.102,49
3K07_A_362_383,UNCLASSIFIED,0.405,0.216,0.378,37
2R9R_B_256_275,UNCLASSIFIED,0.405,0.500,0.095,42
2GFP_A_100_126,UNCLASSIFIED,0.400,0.433,0.167,30
1V54_A_408_434,UNCLASSIFIED,0.400,0.343,0.257,35
2GSM_A_451_477,UNCLASSIFIED,0.395,0.372,0.233,43
1FFT_A_55_79,UNCLASSIFIED,0.394,0.485,0.121,33
3BEH_A_187_226,UNCLASSIFIED,0.389,0.250,0.361,36
1VGO_A_207_229,UNCLASSIFIED,0.375,0.219,0.406,32
1EHK_A_293_326,UNCLASSIFIED,0.371,0.429,0.200,35
1BGY_E_34_60,UNCLASSIFIED,0.343,0.371,0.286,35
1FFT_A_188_213,UNCLASSIFIED,0.341,0.366,0.293,41
1JB0_B_579_607,UNCLASSIFIED,0.323,0.452,0.226,31
1V54_A_372_396,UNCLASSIFIED,0.308,0.256,0.436,39
2ZJS_Y_105_132,UNCLASSIFIED,0.306,0.444,0.250,36
1BGY_C_35_54,UNCLASSIFIED,0.306,0.250,0.444,36
1RHZ_A_256_278,UNCLASSIFIED,0.300,0.425,0.275,40
1UAZ_A_172_197,UNCLASSIFIED,0.293,0.390,0.317,41
2B2F_A_37_56,UNCLASSIFIED,0.292,0.417,0.292,24
1V54_C_16_36,UNCLASSIFIED,0.286,0.262,0.452,42
2VL0_A_205_222,UNCLASSIFIED,0.281,0.375,0.344,32
3GIA_A_85_112,UNCLASSIFIED,0.273,0.394,0.333,33
1C3W_A_203_224,UNCLASSIFIED,0.257,0.286,0.457,35
2ZJS_Y_271_288,UNCLASSIFIED,0.242,0.485,0.273,33
2WIT_A_104_119,UNCLASSIFIED,0.238,0.357,0.405,42
1H68_A_156_179,UNCLASSIFIED,0.237,0.368,0.395,38
1EZV_C_111_134,UNCLASSIFIED,0.231,0.385,0.385,26
3DDL_A_13_36,UNCLASSIFIED,0.227,0.341,0.432,44
1BCC_C_321_341,UNCLASSIFIED,0.219,0.312,0.469,32
3HD6_A_123_141,UNCLASSIFIED,0.214,0.500,0.286,42
1NKZ_A_13_36,UNCLASSIFIED,0.211,0.289,0.500,38
2FYN_A_126_149,UNCLASSIFIED,0.189,0.351,0.459,37
3HD6_A_387_415,UNCLASSIFIED,0.188,0.479,0.333,48
2FYN_C_12_35,UNCLASSIFIED,0.184,0.474,0.342,38
1C3W_A_132_152,UNCLASSIFIED,0.154,0.359,0.487,39
1ZCD_A_358_380,UNCLASSIFIED,0.152,0.364,0.485,33
1KPL_A_78_97,UNCLASSIFIED,0.143,0.371,0.486,35
3B9Y_A_321_338,UNCLASSIFIED,0.119,0.452,0.429,42
3B45_A_172_192,UNCLASSIFIED,0.083,0.417,0.500,36
